bloc_base
4.40
4.36
4.31
4.35
bloc_l1_ijk
4.87
4.84
4.84
4.84
bloc_l2_ijk
6.81
6.78
6.78
6.78
bloc_l3_ijk
7.52
7.49
7.50
7.51
bloc_floop_block
12.23
11.86
12.24
12.00
bloc_l1_ijk
4.84
4.84
4.84
4.84
bloc_l1_ikj
3.24
3.21
3.21
3.21
bloc_l1_jik
4.94
4.92
4.91
4.91
bloc_l1_jki
5.70
5.66
5.66
5.66
bloc_l1_kij
3.24
3.20
3.21
3.21
bloc_l1_kji
5.68
5.65
5.65
5.65
bloc_l2_ijk
6.78
6.78
6.78
6.78
bloc_l2_ikj
2.77
2.74
2.74
2.73
bloc_l2_jik
6.93
6.91
6.91
6.91
bloc_l2_jki
5.87
5.85
5.85
5.84
bloc_l2_kij
2.81
2.78
2.78
2.78
bloc_l2_kji
5.83
5.80
5.81
5.80
bloc_l3_ijk
7.50
7.48
7.48
7.49
bloc_l3_ikj
2.78
2.75
2.73
2.74
bloc_l3_jik
7.58
7.57
7.57
7.57
bloc_l3_jki
21.94
21.37
21.60
21.12
bloc_l3_kij
2.92
2.89
2.86
2.89
bloc_l3_kji
21.37
21.24
21.12
20.81
